R_trace: 1.0004815289289588
active_constraint_names: []
data_dir: /home/seohy/colcon_ws/src/ffw2_ioc_mpc/data/raw/episode_000_pd_func_20260228_223729
e_steps: 100
final_objective: 1785.8307786311957
n_active_constraints: 0
theta_dim: 56
